E_B#8 / keV	N_B#8
0.1	0
0.2	0
0.4	0
0.5	0
0.7	0
0.8	0
1.0	0
1.1	0
1.3	0
1.4	0
1.5	0
1.7	0
1.8	0
2.0	2
2.1	3
2.3	16
2.4	23
2.6	18
2.7	17
2.9	19
3.0	17
3.2	17
3.3	29
3.5	23
3.6	25
3.8	48
3.9	69
4.1	41
4.2	46
4.4	29
4.5	13
4.7	19
4.8	11
4.9	16
5.1	14
5.2	19
5.4	13
5.5	22
5.7	12
5.8	17
6.0	15
6.1	17
6.3	26
6.4	44
6.6	34
6.7	31
6.9	31
7.0	19
7.2	29
7.3	25
7.5	35
7.6	35
7.8	19
7.9	13
8.1	13
8.2	21
8.4	16
8.5	23
8.6	17
8.8	20
8.9	18
9.1	17
9.2	16
9.4	16
9.5	20
9.7	39
9.8	46
10.0	37
10.1	26
10.3	23
10.4	51
10.6	72
10.7	77
10.9	40
11.0	32
11.2	19
11.3	25
11.5	29
11.6	41
11.8	46
11.9	28
12.1	22
12.2	19
12.3	17
12.5	20
12.6	13
12.8	27
12.9	19
13.1	15
13.2	34
13.4	18
13.5	32
13.7	24
13.8	32
14.0	37
14.1	48
14.3	73
14.4	52
14.6	38
14.7	26
14.9	40
15.0	31
15.2	28
15.3	33
15.5	52
15.6	50
15.7	47
15.9	50
16.0	69
16.2	61
16.3	103
16.5	95
16.6	133
16.8	179
16.9	211
17.1	185
17.2	136
17.4	142
17.5	120
17.7	107
17.8	75
18.0	27
18.1	13
18.3	7
18.4	9
18.6	17
18.7	24
18.9	8
19.0	22
19.2	10
19.3	8
19.4	18
19.6	9
19.7	17
19.9	10
20.0	8
20.2	14
20.3	14
20.5	14
20.6	18
20.8	6
20.9	10
21.1	32
21.2	15
21.4	19
21.5	9
21.7	20
21.8	16
22.0	22
22.1	20
22.3	23
22.4	18
22.6	25
22.7	17
22.8	18
23.0	14
23.1	19
23.3	19
23.4	18
23.6	13
23.7	15
23.9	12
24.0	18
24.2	20
24.3	21
24.5	22
24.6	24
24.8	24
24.9	22
25.1	22
25.2	14
25.4	28
25.5	22
25.7	16
25.8	18
26.0	17
26.1	15
26.3	22
26.4	12
26.5	15
26.7	21
26.8	18
27.0	15
27.1	13
27.3	12
27.4	22
27.6	18
27.7	10
27.9	16
28.0	11
28.2	10
28.3	12
28.5	10
28.6	7
28.8	8
28.9	8
29.1	10
29.2	7
29.4	8
29.5	4
29.7	4
29.8	5
29.9	3
30.1	8
30.2	2
30.4	1
30.5	1
30.7	2
30.8	1
31.0	2
31.1	0
31.3	0
31.4	0
31.6	0
31.7	0
31.9	0
32.0	1
32.2	0
32.3	0
32.5	0
32.6	0
32.8	0
32.9	0
33.1	0
33.2	0
33.4	0
33.5	0
33.6	0
33.8	0
33.9	0
34.1	0
34.2	0
34.4	0
34.5	0
34.7	1
34.8	0
35.0	0
35.1	0
35.3	0
35.4	0
35.6	0
35.7	0
35.9	0
36.0	0
36.2	0
36.3	0
36.5	0
36.6	0
36.8	0
36.9	0
37.0	0
37.2	0
37.3	0
37.5	0
37.6	0
37.8	5
