E_B#5 / keV	N_B#5
0.1	0
0.2	3
0.4	2
0.5	0
0.7	0
0.8	0
1.0	0
1.1	0
1.3	0
1.4	0
1.5	0
1.7	0
1.8	0
2.0	2
2.1	7
2.3	21
2.4	13
2.6	26
2.7	26
2.9	14
3.0	20
3.2	23
3.3	25
3.5	28
3.6	27
3.8	47
3.9	71
4.1	65
4.2	44
4.4	26
4.5	29
4.7	21
4.8	16
4.9	19
5.1	23
5.2	13
5.4	20
5.5	22
5.7	20
5.8	27
6.0	12
6.1	19
6.3	35
6.4	38
6.6	36
6.7	27
6.9	23
7.0	24
7.2	18
7.3	30
7.5	30
7.6	36
7.8	17
7.9	22
8.1	23
8.2	19
8.4	25
8.5	18
8.6	25
8.8	29
8.9	23
9.1	19
9.2	9
9.4	26
9.5	22
9.7	40
9.8	35
10.0	39
10.1	32
10.3	33
10.4	49
10.6	60
10.7	71
10.9	52
11.0	22
11.2	18
11.3	29
11.5	53
11.6	43
11.8	37
11.9	27
12.1	23
12.2	14
12.3	14
12.5	15
12.6	21
12.8	17
12.9	21
13.1	20
13.2	23
13.4	32
13.5	33
13.7	32
13.8	33
14.0	44
14.1	55
14.3	60
14.4	65
14.6	35
14.7	33
14.9	44
15.0	37
15.2	37
15.3	42
15.5	47
15.6	47
15.7	56
15.9	72
16.0	80
16.2	96
16.3	110
16.5	140
16.6	181
16.8	202
16.9	175
17.1	192
17.2	137
17.4	132
17.5	138
17.7	110
17.8	73
18.0	24
18.1	10
18.3	14
18.4	8
18.6	14
18.7	16
18.9	17
19.0	13
19.2	15
19.3	13
19.4	14
19.6	13
19.7	13
19.9	22
20.0	13
20.2	13
20.3	18
20.5	18
20.6	16
20.8	17
20.9	11
21.1	11
21.2	21
21.4	12
21.5	17
21.7	29
21.8	28
22.0	22
22.1	37
22.3	27
22.4	30
22.6	29
22.7	27
22.8	20
23.0	19
23.1	23
23.3	20
23.4	23
23.6	19
23.7	16
23.9	25
24.0	27
24.2	12
24.3	29
24.5	31
24.6	21
24.8	20
24.9	29
25.1	23
25.2	24
25.4	18
25.5	17
25.7	17
25.8	24
26.0	16
26.1	19
26.3	23
26.4	18
26.5	15
26.7	27
26.8	16
27.0	16
27.1	15
27.3	15
27.4	28
27.6	15
27.7	5
27.9	8
28.0	12
28.2	8
28.3	16
28.5	9
28.6	12
28.8	16
28.9	8
29.1	13
29.2	8
29.4	6
29.5	10
29.7	7
29.8	12
29.9	5
30.1	9
30.2	5
30.4	2
30.5	2
30.7	8
30.8	3
31.0	3
31.1	1
31.3	3
31.4	2
31.6	0
31.7	1
31.9	0
32.0	0
32.2	0
32.3	0
32.5	0
32.6	0
32.8	0
32.9	0
33.1	1
33.2	0
33.4	0
33.5	0
33.6	0
33.8	0
33.9	0
34.1	0
34.2	0
34.4	0
34.5	0
34.7	0
34.8	0
35.0	0
35.1	0
35.3	0
35.4	2
35.6	0
35.7	0
35.9	1
36.0	0
36.2	0
36.3	0
36.5	0
36.6	0
36.8	0
36.9	0
37.0	0
37.2	0
37.3	0
37.5	0
37.6	0
37.8	14
