E_B#9 / keV	N_B#9
0.1	1
0.2	0
0.4	0
0.5	0
0.7	0
0.8	0
1.0	0
1.1	0
1.3	0
1.4	0
1.5	0
1.7	0
1.8	0
2.0	2
2.1	8
2.3	14
2.4	19
2.6	21
2.7	21
2.9	24
3.0	16
3.2	11
3.3	15
3.5	17
3.6	27
3.8	36
3.9	79
4.1	44
4.2	29
4.4	31
4.5	12
4.7	16
4.8	14
4.9	31
5.1	23
5.2	18
5.4	23
5.5	15
5.7	16
5.8	17
6.0	16
6.1	13
6.3	24
6.4	42
6.6	45
6.7	25
6.9	22
7.0	23
7.2	25
7.3	35
7.5	25
7.6	22
7.8	29
7.9	18
8.1	13
8.2	20
8.4	17
8.5	20
8.6	25
8.8	20
8.9	16
9.1	23
9.2	14
9.4	20
9.5	41
9.7	41
9.8	38
10.0	33
10.1	24
10.3	24
10.4	57
10.6	56
10.7	55
10.9	45
11.0	29
11.2	16
11.3	26
11.5	34
11.6	36
11.8	43
11.9	25
12.1	24
12.2	22
12.3	13
12.5	9
12.6	14
12.8	23
12.9	20
13.1	13
13.2	18
13.4	32
13.5	29
13.7	31
13.8	31
14.0	33
14.1	52
14.3	57
14.4	67
14.6	39
14.7	34
14.9	38
15.0	43
15.2	36
15.3	47
15.5	46
15.6	60
15.7	67
15.9	66
16.0	65
16.2	91
16.3	121
16.5	139
16.6	201
16.8	215
16.9	176
17.1	149
17.2	121
17.4	112
17.5	117
17.7	99
17.8	59
18.0	31
18.1	11
18.3	15
18.4	8
18.6	18
18.7	14
18.9	16
19.0	14
19.2	12
19.3	16
19.4	19
19.6	18
19.7	17
19.9	19
20.0	12
20.2	15
20.3	12
20.5	21
20.6	11
20.8	19
20.9	13
21.1	18
21.2	16
21.4	18
21.5	11
21.7	30
21.8	29
22.0	25
22.1	28
22.3	28
22.4	17
22.6	11
22.7	15
22.8	19
23.0	19
23.1	20
23.3	22
23.4	26
23.6	14
23.7	19
23.9	25
24.0	20
24.2	16
24.3	25
24.5	24
24.6	26
24.8	24
24.9	26
25.1	30
25.2	17
25.4	23
25.5	22
25.7	14
25.8	15
26.0	22
26.1	22
26.3	28
26.4	24
26.5	21
26.7	19
26.8	12
27.0	18
27.1	14
27.3	18
27.4	14
27.6	14
27.7	12
27.9	15
28.0	15
28.2	8
28.3	12
28.5	13
28.6	9
28.8	9
28.9	7
29.1	10
29.2	9
29.4	5
29.5	6
29.7	5
29.8	3
29.9	8
30.1	8
30.2	2
30.4	2
30.5	4
30.7	3
30.8	4
31.0	0
31.1	2
31.3	2
31.4	0
31.6	1
31.7	0
31.9	1
32.0	0
32.2	0
32.3	0
32.5	0
32.6	0
32.8	0
32.9	0
33.1	0
33.2	0
33.4	0
33.5	0
33.6	0
33.8	0
33.9	1
34.1	0
34.2	0
34.4	0
34.5	0
34.7	0
34.8	0
35.0	0
35.1	0
35.3	0
35.4	0
35.6	0
35.7	0
35.9	0
36.0	0
36.2	0
36.3	0
36.5	0
36.6	0
36.8	0
36.9	0
37.0	0
37.2	0
37.3	0
37.5	0
37.6	0
37.8	6
