E_B#8 / keV	N_B#8
0.1	1070
0.2	775
0.4	18
0.5	5
0.7	1
0.8	0
1.0	0
1.1	0
1.3	0
1.4	0
1.5	0
1.7	1
1.8	2
2.0	7
2.1	10
2.3	28
2.4	31
2.6	39
2.7	36
2.9	41
3.0	41
3.2	35
3.3	43
3.5	23
3.6	37
3.8	65
3.9	75
4.1	65
4.2	50
4.4	36
4.5	38
4.7	31
4.8	30
4.9	22
5.1	25
5.2	36
5.4	28
5.5	32
5.7	29
5.8	20
6.0	29
6.1	28
6.3	31
6.4	44
6.6	56
6.7	49
6.9	42
7.0	42
7.2	55
7.3	38
7.5	49
7.6	53
7.8	51
7.9	33
8.1	32
8.2	30
8.4	27
8.5	34
8.6	32
8.8	24
8.9	35
9.1	31
9.2	29
9.4	32
9.5	50
9.7	94
9.8	93
10.0	69
10.1	50
10.3	43
10.4	58
10.6	90
10.7	70
10.9	44
11.0	54
11.2	37
11.3	58
11.5	73
11.6	77
11.8	80
11.9	53
12.1	38
12.2	47
12.3	38
12.5	34
12.6	35
12.8	45
12.9	41
13.1	54
13.2	55
13.4	44
13.5	51
13.7	60
13.8	53
14.0	77
14.1	85
14.3	108
14.4	98
14.6	106
14.7	78
14.9	75
15.0	85
15.2	92
15.3	87
15.5	98
15.6	121
15.7	145
15.9	180
16.0	221
16.2	270
16.3	398
16.5	397
16.6	373
16.8	305
16.9	194
17.1	161
17.2	152
17.4	186
17.5	182
17.7	132
17.8	76
18.0	48
18.1	40
18.3	35
18.4	33
18.6	30
18.7	21
18.9	26
19.0	22
19.2	21
19.3	28
19.4	26
19.6	27
19.7	36
19.9	36
20.0	33
20.2	30
20.3	25
20.5	27
20.6	37
20.8	30
20.9	23
21.1	33
21.2	57
21.4	32
21.5	33
21.7	52
21.8	43
22.0	52
22.1	56
22.3	54
22.4	42
22.6	36
22.7	36
22.8	48
23.0	48
23.1	34
23.3	42
23.4	52
23.6	42
23.7	48
23.9	32
24.0	43
24.2	37
24.3	47
24.5	47
24.6	42
24.8	58
24.9	51
25.1	45
25.2	43
25.4	41
25.5	45
25.7	49
25.8	26
26.0	45
26.1	38
26.3	32
26.4	40
26.5	42
26.7	34
26.8	26
27.0	36
27.1	42
27.3	30
27.4	22
27.6	25
27.7	37
27.9	22
28.0	27
28.2	26
28.3	20
28.5	32
28.6	24
28.8	22
28.9	22
29.1	21
29.2	18
29.4	17
29.5	13
29.7	17
29.8	17
29.9	16
30.1	7
30.2	3
30.4	3
30.5	3
30.7	3
30.8	3
31.0	1
31.1	1
31.3	1
31.4	1
31.6	2
31.7	0
31.9	1
32.0	0
32.2	2
32.3	0
32.5	0
32.6	2
32.8	1
32.9	0
33.1	0
33.2	0
33.4	2
33.5	1
33.6	2
33.8	0
33.9	0
34.1	0
34.2	0
34.4	0
34.5	0
34.7	0
34.8	0
35.0	0
35.1	0
35.3	0
35.4	0
35.6	0
35.7	0
35.9	0
36.0	0
36.2	0
36.3	1
36.5	0
36.6	0
36.8	0
36.9	0
37.0	0
37.2	0
37.3	1
37.5	0
37.6	0
37.8	13
