E_B#8 / keV	N_B#8
0.1	947
0.2	388
0.4	8
0.5	3
0.7	0
0.8	0
1.0	0
1.1	0
1.3	0
1.4	0
1.5	0
1.7	0
1.8	1
2.0	5
2.1	16
2.3	23
2.4	30
2.6	35
2.7	27
2.9	39
3.0	26
3.2	29
3.3	40
3.5	34
3.6	33
3.8	50
3.9	57
4.1	48
4.2	46
4.4	41
4.5	36
4.7	41
4.8	34
4.9	34
5.1	35
5.2	32
5.4	26
5.5	23
5.7	34
5.8	25
6.0	33
6.1	31
6.3	39
6.4	62
6.6	51
6.7	54
6.9	43
7.0	47
7.2	41
7.3	43
7.5	77
7.6	59
7.8	40
7.9	37
8.1	31
8.2	36
8.4	31
8.5	38
8.6	36
8.8	21
8.9	20
9.1	28
9.2	32
9.4	39
9.5	69
9.7	126
9.8	114
10.0	93
10.1	59
10.3	59
10.4	57
10.6	64
10.7	54
10.9	47
11.0	36
11.2	48
11.3	68
11.5	85
11.6	89
11.8	88
11.9	71
12.1	47
12.2	50
12.3	28
12.5	46
12.6	42
12.8	53
12.9	46
13.1	57
13.2	47
13.4	60
13.5	68
13.7	64
13.8	70
14.0	92
14.1	102
14.3	111
14.4	103
14.6	105
14.7	112
14.9	101
15.0	113
15.2	115
15.3	105
15.5	106
15.6	99
15.7	135
15.9	158
16.0	141
16.2	137
16.3	125
16.5	130
16.6	128
16.8	170
16.9	226
17.1	385
17.2	703
17.4	1022
17.5	1097
17.7	822
17.8	416
18.0	171
18.1	76
18.3	23
18.4	23
18.6	15
18.7	21
18.9	16
19.0	26
19.2	31
19.3	35
19.4	41
19.6	65
19.7	44
19.9	44
20.0	35
20.2	26
20.3	25
20.5	27
20.6	16
20.8	28
20.9	27
21.1	24
21.2	24
21.4	28
21.5	38
21.7	47
21.8	45
22.0	65
22.1	63
22.3	46
22.4	44
22.6	37
22.7	31
22.8	31
23.0	34
23.1	33
23.3	29
23.4	38
23.6	47
23.7	34
23.9	44
24.0	43
24.2	45
24.3	36
24.5	51
24.6	48
24.8	48
24.9	44
25.1	43
25.2	44
25.4	48
25.5	46
25.7	33
25.8	35
26.0	43
26.1	43
26.3	37
26.4	44
26.5	43
26.7	28
26.8	38
27.0	25
27.1	35
27.3	30
27.4	34
27.6	30
27.7	25
27.9	36
28.0	41
28.2	30
28.3	29
28.5	23
28.6	30
28.8	32
28.9	25
29.1	26
29.2	24
29.4	26
29.5	27
29.7	25
29.8	15
29.9	17
30.1	24
30.2	20
30.4	19
30.5	21
30.7	17
30.8	18
31.0	15
31.1	14
31.3	15
31.4	12
31.6	16
31.7	15
31.9	10
32.0	10
32.2	12
32.3	11
32.5	8
32.6	4
32.8	8
32.9	2
33.1	5
33.2	5
33.4	4
33.5	1
33.6	2
33.8	0
33.9	0
34.1	0
34.2	1
34.4	0
34.5	0
34.7	0
34.8	0
35.0	0
35.1	1
35.3	0
35.4	0
35.6	0
35.7	0
35.9	0
36.0	0
36.2	0
36.3	0
36.5	0
36.6	0
36.8	0
36.9	0
37.0	0
37.2	0
37.3	0
37.5	0
37.6	0
37.8	16
