E_B#5 / keV	N_B#5
0.1	4
0.2	0
0.4	0
0.5	0
0.7	0
0.8	0
1.0	1
1.1	0
1.3	0
1.4	0
1.5	0
1.7	0
1.8	0
2.0	5
2.1	9
2.3	17
2.4	30
2.6	32
2.7	34
2.9	30
3.0	33
3.2	31
3.3	42
3.5	38
3.6	49
3.8	51
3.9	76
4.1	63
4.2	41
4.4	39
4.5	32
4.7	32
4.8	33
4.9	27
5.1	27
5.2	41
5.4	29
5.5	13
5.7	25
5.8	22
6.0	24
6.1	33
6.3	45
6.4	57
6.6	59
6.7	47
6.9	43
7.0	37
7.2	53
7.3	53
7.5	60
7.6	70
7.8	42
7.9	43
8.1	27
8.2	35
8.4	43
8.5	28
8.6	44
8.8	28
8.9	34
9.1	39
9.2	29
9.4	27
9.5	57
9.7	92
9.8	95
10.0	94
10.1	42
10.3	38
10.4	50
10.6	73
10.7	61
10.9	68
11.0	39
11.2	52
11.3	63
11.5	75
11.6	89
11.8	91
11.9	56
12.1	48
12.2	50
12.3	17
12.5	34
12.6	35
12.8	44
12.9	36
13.1	49
13.2	56
13.4	53
13.5	58
13.7	83
13.8	66
14.0	90
14.1	95
14.3	89
14.4	109
14.6	99
14.7	65
14.9	70
15.0	68
15.2	81
15.3	82
15.5	105
15.6	104
15.7	124
15.9	100
16.0	115
16.2	105
16.3	121
16.5	121
16.6	138
16.8	177
16.9	183
17.1	348
17.2	567
17.4	866
17.5	956
17.7	696
17.8	353
18.0	132
18.1	51
18.3	29
18.4	29
18.6	22
18.7	18
18.9	13
19.0	21
19.2	27
19.3	48
19.4	41
19.6	45
19.7	27
19.9	29
20.0	30
20.2	24
20.3	22
20.5	14
20.6	36
20.8	25
20.9	22
21.1	16
21.2	28
21.4	27
21.5	30
21.7	37
21.8	50
22.0	69
22.1	60
22.3	35
22.4	45
22.6	39
22.7	29
22.8	29
23.0	32
23.1	37
23.3	24
23.4	34
23.6	41
23.7	43
23.9	34
24.0	40
24.2	38
24.3	34
24.5	27
24.6	42
24.8	40
24.9	34
25.1	49
25.2	31
25.4	32
25.5	30
25.7	43
25.8	27
26.0	36
26.1	33
26.3	39
26.4	29
26.5	33
26.7	26
26.8	34
27.0	30
27.1	22
27.3	28
27.4	26
27.6	36
27.7	23
27.9	31
28.0	37
28.2	23
28.3	31
28.5	30
28.6	23
28.8	22
28.9	28
29.1	24
29.2	22
29.4	25
29.5	11
29.7	20
29.8	24
29.9	21
30.1	13
30.2	12
30.4	22
30.5	19
30.7	11
30.8	11
31.0	8
31.1	17
31.3	11
31.4	8
31.6	8
31.7	14
31.9	7
32.0	11
32.2	11
32.3	9
32.5	7
32.6	7
32.8	9
32.9	4
33.1	1
33.2	4
33.4	3
33.5	0
33.6	0
33.8	0
33.9	0
34.1	0
34.2	0
34.4	0
34.5	0
34.7	0
34.8	0
35.0	0
35.1	0
35.3	0
35.4	0
35.6	0
35.7	0
35.9	0
36.0	0
36.2	0
36.3	0
36.5	0
36.6	0
36.8	0
36.9	0
37.0	0
37.2	0
37.3	0
37.5	0
37.6	0
37.8	19
