E_B#8 / keV	N_B#8
0.1	111
0.2	0
0.4	1
0.5	0
0.7	0
0.8	0
1.0	0
1.1	0
1.3	0
1.4	0
1.5	0
1.7	0
1.8	1
2.0	2
2.1	6
2.3	12
2.4	23
2.6	21
2.7	29
2.9	24
3.0	21
3.2	25
3.3	24
3.5	21
3.6	40
3.8	60
3.9	72
4.1	63
4.2	37
4.4	32
4.5	22
4.7	23
4.8	23
4.9	19
5.1	20
5.2	18
5.4	24
5.5	29
5.7	24
5.8	28
6.0	25
6.1	22
6.3	21
6.4	42
6.6	47
6.7	33
6.9	28
7.0	38
7.2	30
7.3	20
7.5	28
7.6	37
7.8	31
7.9	25
8.1	21
8.2	20
8.4	25
8.5	22
8.6	25
8.8	18
8.9	24
9.1	13
9.2	19
9.4	24
9.5	26
9.7	48
9.8	60
10.0	40
10.1	36
10.3	23
10.4	63
10.6	72
10.7	73
10.9	56
11.0	32
11.2	24
11.3	24
11.5	51
11.6	61
11.8	43
11.9	36
12.1	24
12.2	11
12.3	23
12.5	22
12.6	12
12.8	22
12.9	27
13.1	26
13.2	19
13.4	27
13.5	32
13.7	20
13.8	44
14.0	41
14.1	64
14.3	62
14.4	58
14.6	58
14.7	42
14.9	28
15.0	37
15.2	38
15.3	43
15.5	46
15.6	58
15.7	61
15.9	66
16.0	77
16.2	57
16.3	50
16.5	85
16.6	119
16.8	159
16.9	191
17.1	273
17.2	226
17.4	267
17.5	263
17.7	188
17.8	110
18.0	49
18.1	16
18.3	13
18.4	13
18.6	6
18.7	11
18.9	14
19.0	12
19.2	21
19.3	15
19.4	15
19.6	20
19.7	16
19.9	22
20.0	9
20.2	8
20.3	4
20.5	11
20.6	8
20.8	17
20.9	15
21.1	12
21.2	22
21.4	23
21.5	14
21.7	31
21.8	28
22.0	35
22.1	31
22.3	26
22.4	26
22.6	16
22.7	17
22.8	17
23.0	20
23.1	23
23.3	19
23.4	28
23.6	22
23.7	18
23.9	17
24.0	19
24.2	26
24.3	17
24.5	26
24.6	28
24.8	19
24.9	23
25.1	21
25.2	21
25.4	21
25.5	22
25.7	24
25.8	18
26.0	22
26.1	18
26.3	15
26.4	9
26.5	19
26.7	22
26.8	13
27.0	23
27.1	18
27.3	10
27.4	15
27.6	16
27.7	18
27.9	19
28.0	11
28.2	14
28.3	13
28.5	17
28.6	16
28.8	12
28.9	15
29.1	7
29.2	11
29.4	10
29.5	7
29.7	16
29.8	6
29.9	6
30.1	4
30.2	7
30.4	4
30.5	6
30.7	9
30.8	8
31.0	9
31.1	7
31.3	3
31.4	3
31.6	4
31.7	1
31.9	2
32.0	1
32.2	1
32.3	0
32.5	0
32.6	0
32.8	0
32.9	0
33.1	1
33.2	0
33.4	2
33.5	0
33.6	0
33.8	0
33.9	0
34.1	0
34.2	0
34.4	0
34.5	0
34.7	0
34.8	0
35.0	0
35.1	0
35.3	0
35.4	0
35.6	0
35.7	0
35.9	0
36.0	0
36.2	0
36.3	0
36.5	0
36.6	0
36.8	0
36.9	0
37.0	0
37.2	0
37.3	0
37.5	0
37.6	0
37.8	9
