E_B#9 / keV	N_B#9
0.1	14
0.2	1
0.4	2
0.5	0
0.7	0
0.8	0
1.0	0
1.1	0
1.3	0
1.4	0
1.5	0
1.7	0
1.8	0
2.0	0
2.1	5
2.3	7
2.4	14
2.6	29
2.7	22
2.9	26
3.0	23
3.2	14
3.3	16
3.5	34
3.6	35
3.8	56
3.9	64
4.1	59
4.2	50
4.4	35
4.5	29
4.7	18
4.8	15
4.9	14
5.1	12
5.2	20
5.4	15
5.5	12
5.7	25
5.8	20
6.0	20
6.1	29
6.3	27
6.4	48
6.6	32
6.7	34
6.9	27
7.0	31
7.2	23
7.3	35
7.5	35
7.6	32
7.8	34
7.9	18
8.1	27
8.2	28
8.4	19
8.5	28
8.6	32
8.8	21
8.9	20
9.1	22
9.2	13
9.4	27
9.5	34
9.7	59
9.8	48
10.0	41
10.1	38
10.3	27
10.4	57
10.6	71
10.7	69
10.9	42
11.0	30
11.2	20
11.3	28
11.5	26
11.6	48
11.8	38
11.9	28
12.1	23
12.2	20
12.3	26
12.5	11
12.6	26
12.8	30
12.9	28
13.1	24
13.2	23
13.4	20
13.5	36
13.7	19
13.8	39
14.0	40
14.1	51
14.3	80
14.4	57
14.6	45
14.7	34
14.9	35
15.0	30
15.2	37
15.3	44
15.5	41
15.6	42
15.7	65
15.9	75
16.0	54
16.2	73
16.3	73
16.5	91
16.6	141
16.8	169
16.9	241
17.1	243
17.2	216
17.4	240
17.5	253
17.7	169
17.8	90
18.0	41
18.1	10
18.3	11
18.4	12
18.6	11
18.7	15
18.9	13
19.0	16
19.2	23
19.3	12
19.4	22
19.6	9
19.7	18
19.9	13
20.0	19
20.2	8
20.3	13
20.5	12
20.6	20
20.8	22
20.9	23
21.1	19
21.2	14
21.4	14
21.5	18
21.7	18
21.8	27
22.0	26
22.1	35
22.3	23
22.4	14
22.6	17
22.7	14
22.8	18
23.0	20
23.1	13
23.3	24
23.4	18
23.6	21
23.7	23
23.9	21
24.0	18
24.2	19
24.3	25
24.5	17
24.6	33
24.8	30
24.9	24
25.1	26
25.2	20
25.4	19
25.5	16
25.7	23
25.8	25
26.0	24
26.1	17
26.3	18
26.4	26
26.5	11
26.7	14
26.8	20
27.0	29
27.1	30
27.3	19
27.4	19
27.6	16
27.7	15
27.9	17
28.0	10
28.2	13
28.3	19
28.5	17
28.6	14
28.8	10
28.9	8
29.1	16
29.2	7
29.4	13
29.5	11
29.7	4
29.8	11
29.9	8
30.1	4
30.2	6
30.4	5
30.5	4
30.7	5
30.8	6
31.0	6
31.1	3
31.3	3
31.4	1
31.6	3
31.7	1
31.9	2
32.0	1
32.2	2
32.3	1
32.5	0
32.6	0
32.8	1
32.9	2
33.1	0
33.2	0
33.4	0
33.5	0
33.6	1
33.8	1
33.9	0
34.1	0
34.2	0
34.4	0
34.5	0
34.7	0
34.8	0
35.0	0
35.1	0
35.3	0
35.4	0
35.6	0
35.7	0
35.9	0
36.0	0
36.2	0
36.3	0
36.5	0
36.6	0
36.8	0
36.9	0
37.0	1
37.2	0
37.3	0
37.5	0
37.6	0
37.8	8
