E_B#13 / keV	N_B#13
0.1	3
0.2	0
0.4	0
0.5	0
0.7	0
0.8	0
1.0	0
1.1	0
1.3	0
1.4	0
1.5	0
1.7	0
1.8	0
2.0	1
2.1	4
2.3	14
2.4	22
2.6	18
2.7	18
2.9	20
3.0	18
3.2	27
3.3	23
3.5	29
3.6	29
3.8	47
3.9	59
4.1	43
4.2	23
4.4	24
4.5	18
4.7	22
4.8	21
4.9	16
5.1	25
5.2	13
5.4	14
5.5	17
5.7	22
5.8	20
6.0	18
6.1	23
6.3	28
6.4	36
6.6	39
6.7	38
6.9	18
7.0	25
7.2	26
7.3	25
7.5	36
7.6	35
7.8	26
7.9	17
8.1	20
8.2	21
8.4	23
8.5	16
8.6	25
8.8	12
8.9	16
9.1	8
9.2	15
9.4	22
9.5	32
9.7	41
9.8	56
10.0	32
10.1	28
10.3	22
10.4	44
10.6	63
10.7	59
10.9	52
11.0	28
11.2	21
11.3	22
11.5	30
11.6	45
11.8	45
11.9	29
12.1	23
12.2	22
12.3	15
12.5	14
12.6	23
12.8	21
12.9	19
13.1	22
13.2	22
13.4	24
13.5	15
13.7	39
13.8	33
14.0	34
14.1	48
14.3	48
14.4	61
14.6	41
14.7	32
14.9	46
15.0	28
15.2	33
15.3	20
15.5	36
15.6	47
15.7	45
15.9	52
16.0	47
16.2	60
16.3	64
16.5	82
16.6	131
16.8	178
16.9	187
17.1	208
17.2	185
17.4	196
17.5	210
17.7	153
17.8	80
18.0	37
18.1	20
18.3	13
18.4	11
18.6	5
18.7	15
18.9	16
19.0	19
19.2	17
19.3	16
19.4	15
19.6	16
19.7	10
19.9	12
20.0	10
20.2	11
20.3	8
20.5	9
20.6	9
20.8	15
20.9	12
21.1	12
21.2	17
21.4	11
21.5	18
21.7	14
21.8	31
22.0	25
22.1	27
22.3	19
22.4	24
22.6	15
22.7	19
22.8	20
23.0	19
23.1	21
23.3	22
23.4	22
23.6	19
23.7	13
23.9	20
24.0	25
24.2	21
24.3	22
24.5	17
24.6	17
24.8	19
24.9	23
25.1	13
25.2	17
25.4	20
25.5	21
25.7	15
25.8	15
26.0	22
26.1	23
26.3	17
26.4	17
26.5	7
26.7	11
26.8	9
27.0	11
27.1	8
27.3	16
27.4	11
27.6	13
27.7	14
27.9	10
28.0	16
28.2	11
28.3	10
28.5	11
28.6	11
28.8	11
28.9	11
29.1	10
29.2	9
29.4	7
29.5	10
29.7	1
29.8	8
29.9	5
30.1	5
30.2	5
30.4	1
30.5	4
30.7	1
30.8	3
31.0	1
31.1	2
31.3	1
31.4	0
31.6	4
31.7	1
31.9	0
32.0	0
32.2	1
32.3	0
32.5	0
32.6	0
32.8	0
32.9	0
33.1	0
33.2	0
33.4	0
33.5	0
33.6	0
33.8	0
33.9	0
34.1	0
34.2	0
34.4	0
34.5	0
34.7	1
34.8	0
35.0	0
35.1	0
35.3	0
35.4	0
35.6	0
35.7	0
35.9	0
36.0	0
36.2	0
36.3	0
36.5	0
36.6	0
36.8	0
36.9	0
37.0	0
37.2	0
37.3	0
37.5	0
37.6	1
37.8	8
