E_B#8 / keV	N_B#8
0.1	1
0.2	0
0.4	0
0.5	0
0.7	0
0.8	0
1.0	0
1.1	0
1.3	0
1.4	0
1.5	0
1.7	0
1.8	0
2.0	0
2.1	2
2.3	6
2.4	9
2.6	9
2.7	7
2.9	8
3.0	10
3.2	13
3.3	7
3.5	6
3.6	6
3.8	11
3.9	8
4.1	7
4.2	7
4.4	6
4.5	9
4.7	11
4.8	3
4.9	10
5.1	8
5.2	11
5.4	9
5.5	9
5.7	14
5.8	6
6.0	10
6.1	6
6.3	10
6.4	11
6.6	20
6.7	17
6.9	8
7.0	12
7.2	18
7.3	19
7.5	23
7.6	30
7.8	15
7.9	10
8.1	8
8.2	12
8.4	16
8.5	9
8.6	13
8.8	7
8.9	7
9.1	9
9.2	12
9.4	16
9.5	21
9.7	42
9.8	35
10.0	38
10.1	15
10.3	7
10.4	16
10.6	3
10.7	6
10.9	7
11.0	11
11.2	14
11.3	16
11.5	32
11.6	40
11.8	37
11.9	23
12.1	18
12.2	19
12.3	21
12.5	16
12.6	15
12.8	14
12.9	16
13.1	31
13.2	24
13.4	32
13.5	32
13.7	32
13.8	33
14.0	35
14.1	42
14.3	47
14.4	35
14.6	45
14.7	45
14.9	57
15.0	61
15.2	43
15.3	50
15.5	60
15.6	86
15.7	76
15.9	91
16.0	162
16.2	223
16.3	294
16.5	324
16.6	296
16.8	234
16.9	153
17.1	79
17.2	51
17.4	63
17.5	54
17.7	57
17.8	29
18.0	15
18.1	16
18.3	15
18.4	15
18.6	17
18.7	14
18.9	10
19.0	10
19.2	6
19.3	10
19.4	14
19.6	10
19.7	12
19.9	7
20.0	13
20.2	11
20.3	12
20.5	11
20.6	11
20.8	10
20.9	5
21.1	10
21.2	8
21.4	13
21.5	12
21.7	19
21.8	8
22.0	24
22.1	25
22.3	15
22.4	10
22.6	13
22.7	12
22.8	12
23.0	12
23.1	16
23.3	11
23.4	5
23.6	11
23.7	13
23.9	18
24.0	16
24.2	10
24.3	12
24.5	6
24.6	7
24.8	7
24.9	17
25.1	8
25.2	7
25.4	10
25.5	6
25.7	8
25.8	13
26.0	10
26.1	8
26.3	8
26.4	13
26.5	7
26.7	7
26.8	3
27.0	6
27.1	7
27.3	9
27.4	4
27.6	3
27.7	6
27.9	8
28.0	9
28.2	4
28.3	5
28.5	5
28.6	6
28.8	2
28.9	2
29.1	0
29.2	4
29.4	2
29.5	1
29.7	2
29.8	0
29.9	1
30.1	0
30.2	0
30.4	1
30.5	1
30.7	0
30.8	0
31.0	1
31.1	0
31.3	1
31.4	1
31.6	0
31.7	0
31.9	0
32.0	0
32.2	0
32.3	0
32.5	1
32.6	0
32.8	0
32.9	0
33.1	0
33.2	0
33.4	0
33.5	0
33.6	0
33.8	0
33.9	0
34.1	0
34.2	1
34.4	0
34.5	0
34.7	1
34.8	0
35.0	0
35.1	0
35.3	0
35.4	0
35.6	0
35.7	0
35.9	0
36.0	0
36.2	0
36.3	0
36.5	0
36.6	0
36.8	0
36.9	0
37.0	0
37.2	0
37.3	0
37.5	0
37.6	0
37.8	11
