E_B#9 / keV	N_B#9
0.1	0
0.2	0
0.4	0
0.5	0
0.7	0
0.8	0
1.0	0
1.1	0
1.3	0
1.4	0
1.5	0
1.7	0
1.8	0
2.0	3
2.1	2
2.3	7
2.4	15
2.6	8
2.7	6
2.9	6
3.0	6
3.2	8
3.3	6
3.5	11
3.6	7
3.8	8
3.9	10
4.1	6
4.2	9
4.4	11
4.5	4
4.7	6
4.8	16
4.9	9
5.1	10
5.2	14
5.4	12
5.5	3
5.7	7
5.8	13
6.0	9
6.1	9
6.3	9
6.4	10
6.6	9
6.7	9
6.9	11
7.0	6
7.2	12
7.3	15
7.5	16
7.6	12
7.8	17
7.9	12
8.1	5
8.2	13
8.4	6
8.5	10
8.6	11
8.8	16
8.9	7
9.1	11
9.2	4
9.4	7
9.5	18
9.7	27
9.8	26
10.0	7
10.1	15
10.3	8
10.4	6
10.6	7
10.7	13
10.9	5
11.0	5
11.2	11
11.3	12
11.5	18
11.6	30
11.8	32
11.9	10
12.1	11
12.2	11
12.3	17
12.5	9
12.6	18
12.8	13
12.9	7
13.1	15
13.2	13
13.4	13
13.5	17
13.7	13
13.8	18
14.0	13
14.1	17
14.3	15
14.4	26
14.6	24
14.7	29
14.9	30
15.0	30
15.2	38
15.3	38
15.5	37
15.6	35
15.7	44
15.9	48
16.0	44
16.2	43
16.3	44
16.5	53
16.6	63
16.8	76
16.9	163
17.1	232
17.2	260
17.4	243
17.5	194
17.7	108
17.8	45
18.0	13
18.1	10
18.3	6
18.4	11
18.6	6
18.7	8
18.9	5
19.0	10
19.2	6
19.3	8
19.4	5
19.6	13
19.7	12
19.9	8
20.0	5
20.2	9
20.3	10
20.5	2
20.6	4
20.8	6
20.9	12
21.1	11
21.2	9
21.4	5
21.5	7
21.7	5
21.8	12
22.0	6
22.1	12
22.3	10
22.4	6
22.6	11
22.7	8
22.8	3
23.0	10
23.1	10
23.3	7
23.4	7
23.6	6
23.7	3
23.9	16
24.0	7
24.2	8
24.3	6
24.5	11
24.6	6
24.8	2
24.9	7
25.1	4
25.2	4
25.4	2
25.5	8
25.7	5
25.8	4
26.0	7
26.1	9
26.3	3
26.4	2
26.5	5
26.7	3
26.8	5
27.0	5
27.1	3
27.3	1
27.4	7
27.6	3
27.7	6
27.9	5
28.0	1
28.2	2
28.3	1
28.5	0
28.6	4
28.8	8
28.9	3
29.1	0
29.2	3
29.4	2
29.5	3
29.7	3
29.8	1
29.9	2
30.1	0
30.2	5
30.4	0
30.5	4
30.7	0
30.8	2
31.0	1
31.1	1
31.3	4
31.4	0
31.6	1
31.7	0
31.9	3
32.0	0
32.2	1
32.3	0
32.5	1
32.6	2
32.8	0
32.9	0
33.1	0
33.2	0
33.4	0
33.5	0
33.6	0
33.8	0
33.9	0
34.1	0
34.2	0
34.4	0
34.5	0
34.7	0
34.8	0
35.0	0
35.1	0
35.3	0
35.4	0
35.6	0
35.7	0
35.9	0
36.0	0
36.2	0
36.3	1
36.5	0
36.6	0
36.8	0
36.9	0
37.0	0
37.2	0
37.3	0
37.5	0
37.6	0
37.8	13
