E_B#12 / keV	N_B#12
0.1	4
0.2	0
0.4	0
0.5	0
0.7	0
0.8	0
1.0	0
1.1	0
1.3	0
1.4	0
1.5	0
1.7	0
1.8	1
2.0	1
2.1	10
2.3	6
2.4	25
2.6	24
2.7	26
2.9	28
3.0	19
3.2	18
3.3	19
3.5	25
3.6	25
3.8	27
3.9	20
4.1	25
4.2	17
4.4	29
4.5	16
4.7	18
4.8	25
4.9	25
5.1	30
5.2	26
5.4	29
5.5	24
5.7	28
5.8	28
6.0	31
6.1	24
6.3	32
6.4	37
6.6	44
6.7	32
6.9	26
7.0	22
7.2	34
7.3	32
7.5	41
7.6	49
7.8	52
7.9	30
8.1	28
8.2	24
8.4	32
8.5	32
8.6	32
8.8	22
8.9	25
9.1	27
9.2	23
9.4	33
9.5	31
9.7	70
9.8	73
10.0	71
10.1	53
10.3	26
10.4	13
10.6	20
10.7	22
10.9	24
11.0	31
11.2	28
11.3	46
11.5	69
11.6	62
11.8	61
11.9	41
12.1	35
12.2	42
12.3	31
12.5	32
12.6	38
12.8	54
12.9	52
13.1	46
13.2	56
13.4	60
13.5	66
13.7	66
13.8	77
14.0	74
14.1	78
14.3	83
14.4	86
14.6	89
14.7	96
14.9	112
15.0	109
15.2	126
15.3	120
15.5	127
15.6	110
15.7	153
15.9	142
16.0	170
16.2	179
16.3	232
16.5	316
16.6	443
16.8	573
16.9	593
17.1	508
17.2	368
17.4	262
17.5	223
17.7	147
17.8	73
18.0	51
18.1	28
18.3	23
18.4	26
18.6	16
18.7	34
18.9	27
19.0	28
19.2	21
19.3	35
19.4	14
19.6	27
19.7	25
19.9	19
20.0	19
20.2	19
20.3	24
20.5	16
20.6	23
20.8	19
20.9	23
21.1	17
21.2	24
21.4	30
21.5	20
21.7	19
21.8	28
22.0	15
22.1	18
22.3	24
22.4	19
22.6	18
22.7	21
22.8	19
23.0	25
23.1	19
23.3	18
23.4	13
23.6	22
23.7	15
23.9	18
24.0	18
24.2	15
24.3	20
24.5	24
24.6	17
24.8	14
24.9	8
25.1	12
25.2	12
25.4	10
25.5	12
25.7	14
25.8	8
26.0	9
26.1	4
26.3	6
26.4	4
26.5	6
26.7	3
26.8	4
27.0	2
27.1	4
27.3	2
27.4	0
27.6	1
27.7	1
27.9	0
28.0	0
28.2	0
28.3	0
28.5	0
28.6	0
28.8	0
28.9	0
29.1	2
29.2	1
29.4	0
29.5	0
29.7	0
29.8	0
29.9	0
30.1	0
30.2	0
30.4	0
30.5	0
30.7	0
30.8	0
31.0	0
31.1	0
31.3	0
31.4	0
31.6	0
31.7	0
31.9	0
32.0	1
32.2	0
32.3	0
32.5	0
32.6	0
32.8	0
32.9	0
33.1	0
33.2	0
33.4	0
33.5	0
33.6	0
33.8	0
33.9	0
34.1	0
34.2	1
34.4	0
34.5	0
34.7	0
34.8	0
35.0	0
35.1	0
35.3	0
35.4	0
35.6	0
35.7	0
35.9	0
36.0	0
36.2	0
36.3	0
36.5	0
36.6	0
36.8	0
36.9	0
37.0	0
37.2	0
37.3	0
37.5	0
37.6	0
37.8	9
