E_B#10 / keV	N_B#10
0.1	2
0.2	1
0.4	0
0.5	0
0.7	0
0.8	0
1.0	0
1.1	0
1.3	0
1.4	0
1.5	0
1.7	0
1.8	0
2.0	3
2.1	14
2.3	24
2.4	19
2.6	20
2.7	26
2.9	26
3.0	31
3.2	25
3.3	25
3.5	23
3.6	23
3.8	26
3.9	21
4.1	27
4.2	37
4.4	27
4.5	21
4.7	31
4.8	26
4.9	20
5.1	28
5.2	29
5.4	24
5.5	27
5.7	26
5.8	31
6.0	32
6.1	31
6.3	38
6.4	46
6.6	33
6.7	32
6.9	45
7.0	41
7.2	34
7.3	40
7.5	46
7.6	62
7.8	41
7.9	30
8.1	26
8.2	36
8.4	33
8.5	39
8.6	45
8.8	28
8.9	26
9.1	27
9.2	23
9.4	33
9.5	46
9.7	83
9.8	98
10.0	66
10.1	49
10.3	25
10.4	24
10.6	32
10.7	23
10.9	20
11.0	28
11.2	30
11.3	68
11.5	73
11.6	100
11.8	88
11.9	63
12.1	39
12.2	36
12.3	50
12.5	51
12.6	50
12.8	55
12.9	54
13.1	75
13.2	81
13.4	89
13.5	78
13.7	73
13.8	105
14.0	103
14.1	111
14.3	96
14.4	103
14.6	128
14.7	135
14.9	132
15.0	145
15.2	168
15.3	156
15.5	159
15.6	193
15.7	189
15.9	223
16.0	255
16.2	276
16.3	387
16.5	572
16.6	701
16.8	734
16.9	569
17.1	375
17.2	266
17.4	200
17.5	197
17.7	157
17.8	88
18.0	38
18.1	35
18.3	27
18.4	33
18.6	40
18.7	33
18.9	31
19.0	32
19.2	24
19.3	31
19.4	28
19.6	27
19.7	18
19.9	33
20.0	32
20.2	24
20.3	26
20.5	30
20.6	16
20.8	28
20.9	25
21.1	24
21.2	28
21.4	25
21.5	23
21.7	31
21.8	31
22.0	23
22.1	32
22.3	30
22.4	25
22.6	19
22.7	21
22.8	25
23.0	32
23.1	26
23.3	27
23.4	14
23.6	30
23.7	17
23.9	22
24.0	17
24.2	24
24.3	15
24.5	19
24.6	22
24.8	13
24.9	15
25.1	17
25.2	15
25.4	11
25.5	9
25.7	9
25.8	8
26.0	8
26.1	2
26.3	7
26.4	4
26.5	6
26.7	3
26.8	2
27.0	0
27.1	3
27.3	1
27.4	1
27.6	1
27.7	1
27.9	0
28.0	0
28.2	1
28.3	2
28.5	0
28.6	0
28.8	0
28.9	0
29.1	0
29.2	1
29.4	0
29.5	0
29.7	0
29.8	0
29.9	0
30.1	0
30.2	0
30.4	0
30.5	0
30.7	0
30.8	0
31.0	0
31.1	0
31.3	0
31.4	0
31.6	0
31.7	0
31.9	0
32.0	0
32.2	0
32.3	0
32.5	0
32.6	0
32.8	0
32.9	0
33.1	0
33.2	0
33.4	0
33.5	0
33.6	0
33.8	0
33.9	0
34.1	0
34.2	0
34.4	0
34.5	0
34.7	0
34.8	0
35.0	0
35.1	0
35.3	0
35.4	0
35.6	0
35.7	0
35.9	0
36.0	0
36.2	0
36.3	0
36.5	0
36.6	0
36.8	0
36.9	0
37.0	0
37.2	0
37.3	0
37.5	0
37.6	0
37.8	9
