E_B#16 / keV	N_B#16
0.1	4
0.2	2
0.4	0
0.5	0
0.7	0
0.8	0
1.0	0
1.1	0
1.3	0
1.4	0
1.5	0
1.7	0
1.8	2
2.0	2
2.1	11
2.3	18
2.4	32
2.6	25
2.7	28
2.9	25
3.0	25
3.2	19
3.3	30
3.5	19
3.6	33
3.8	21
3.9	14
4.1	25
4.2	23
4.4	27
4.5	24
4.7	27
4.8	31
4.9	22
5.1	22
5.2	24
5.4	24
5.5	29
5.7	21
5.8	23
6.0	22
6.1	27
6.3	35
6.4	45
6.6	42
6.7	42
6.9	41
7.0	37
7.2	51
7.3	41
7.5	61
7.6	49
7.8	35
7.9	31
8.1	28
8.2	33
8.4	31
8.5	35
8.6	32
8.8	23
8.9	21
9.1	26
9.2	34
9.4	33
9.5	54
9.7	95
9.8	81
10.0	78
10.1	60
10.3	31
10.4	23
10.6	29
10.7	28
10.9	27
11.0	25
11.2	45
11.3	50
11.5	68
11.6	84
11.8	88
11.9	52
12.1	50
12.2	49
12.3	36
12.5	47
12.6	55
12.8	54
12.9	49
13.1	48
13.2	61
13.4	63
13.5	87
13.7	89
13.8	82
14.0	100
14.1	93
14.3	98
14.4	98
14.6	106
14.7	119
14.9	111
15.0	127
15.2	121
15.3	149
15.5	143
15.6	160
15.7	144
15.9	159
16.0	196
16.2	184
16.3	193
16.5	194
16.6	239
16.8	293
16.9	449
17.1	644
17.2	824
17.4	806
17.5	651
17.7	408
17.8	195
18.0	108
18.1	45
18.3	20
18.4	27
18.6	18
18.7	22
18.9	21
19.0	28
19.2	39
19.3	34
19.4	42
19.6	34
19.7	34
19.9	21
20.0	26
20.2	29
20.3	23
20.5	29
20.6	27
20.8	20
20.9	23
21.1	24
21.2	20
21.4	27
21.5	28
21.7	22
21.8	22
22.0	35
22.1	31
22.3	30
22.4	34
22.6	34
22.7	18
22.8	25
23.0	22
23.1	22
23.3	26
23.4	31
23.6	27
23.7	19
23.9	13
24.0	22
24.2	21
24.3	15
24.5	19
24.6	19
24.8	15
24.9	14
25.1	30
25.2	12
25.4	21
25.5	13
25.7	19
25.8	10
26.0	12
26.1	12
26.3	11
26.4	8
26.5	8
26.7	10
26.8	12
27.0	6
27.1	9
27.3	4
27.4	8
27.6	2
27.7	0
27.9	0
28.0	1
28.2	2
28.3	1
28.5	0
28.6	0
28.8	0
28.9	3
29.1	0
29.2	0
29.4	0
29.5	0
29.7	0
29.8	0
29.9	0
30.1	0
30.2	0
30.4	1
30.5	0
30.7	0
30.8	0
31.0	0
31.1	0
31.3	0
31.4	0
31.6	0
31.7	0
31.9	0
32.0	0
32.2	1
32.3	0
32.5	0
32.6	0
32.8	0
32.9	0
33.1	0
33.2	0
33.4	0
33.5	0
33.6	0
33.8	0
33.9	0
34.1	0
34.2	1
34.4	0
34.5	1
34.7	0
34.8	0
35.0	0
35.1	0
35.3	0
35.4	0
35.6	0
35.7	0
35.9	0
36.0	0
36.2	0
36.3	0
36.5	0
36.6	0
36.8	0
36.9	0
37.0	0
37.2	0
37.3	0
37.5	0
37.6	0
37.8	12
